[(-9.975000381469727, -9.625), (-9.725000381469727, -9.725000381469727), (-9.675000190734863, -9.725000381469727), (-9.675000190734863, -9.574999809265137), (-9.975000381469727, -9.574999809265137), (-9.975000381469727, -9.625)]
=============
[(-9.975000381469727, -8.625), (-9.824999809265137, -8.675000190734863), (-9.774999618530273, -8.675000190734863), (-9.675000190734863, -8.675000190734863), (-9.574999809265137, -8.675000190734863), (-9.524999618530273, -8.675000190734863), (-9.475000381469727, -8.675000190734863), (-9.425000190734863, -8.675000190734863), (-9.375, -8.675000190734863), (-9.324999809265137, -8.675000190734863), (-9.274999618530273, -8.675000190734863), (-9.225000381469727, -8.675000190734863), (-9.175000190734863, -8.675000190734863), (-9.125, -8.675000190734863), (-9.074999809265137, -8.675000190734863), (-9.024999618530273, -8.675000190734863), (-8.975000381469727, -8.675000190734863), (-8.925000190734863, -8.675000190734863), (-8.875, -8.675000190734863), (-8.824999809265137, -8.675000190734863), (-8.774999618530273, -8.675000190734863), (-8.725000381469727, -8.675000190734863), (-8.675000190734863, -8.675000190734863), (-8.625, -8.675000190734863), (-8.574999809265137, -8.675000190734863), (-8.524999618530273, -8.675000190734863), (-8.475000381469727, -8.675000190734863), (-8.475000381469727, -8.574999809265137), (-9.274999618530273, -8.524999618530273), (-9.475000381469727, -8.524999618530273), (-9.524999618530273, -8.524999618530273), (-9.574999809265137, -8.524999618530273), (-9.625, -8.524999618530273), (-9.675000190734863, -8.524999618530273), (-9.725000381469727, -8.524999618530273), (-9.774999618530273, -8.524999618530273), (-9.824999809265137, -8.524999618530273), (-9.875, -8.524999618530273), (-9.925000190734863, -8.524999618530273), (-9.975000381469727, -8.524999618530273), (-9.975000381469727, -8.625)]
=============
[(-9.975000381469727, -7.525000095367432), (-9.875, -7.525000095367432), (-9.875, -7.324999809265137), (-9.975000381469727, -3.9749999046325684), (-9.975000381469727, -7.525000095367432)]
=============
[(-8.875, -9.774999618530273), (-8.574999809265137, -9.774999618530273), (-7.625, -9.675000190734863), (-7.474999904632568, -9.574999809265137), (-7.474999904632568, -9.524999618530273), (-7.525000095367432, -9.524999618530273), (-7.574999809265137, -9.524999618530273), (-8.824999809265137, -9.625), (-8.875, -9.774999618530273)]
=============
[(-8.675000190734863, -7.824999809265137), (-8.125, -8.225000381469727), (-8.074999809265137, -8.225000381469727), (-7.974999904632568, -8.175000190734863), (-7.925000190734863, -7.974999904632568), (-7.925000190734863, -7.474999904632568), (-8.225000381469727, -7.375), (-8.675000190734863, -7.675000190734863), (-8.675000190734863, -7.824999809265137)]
=============
[(-8.425000190734863, -8.675000190734863), (-8.375, -8.725000381469727), (-8.324999809265137, -8.725000381469727), (-8.274999618530273, -8.725000381469727), (-8.225000381469727, -8.725000381469727), (-8.175000190734863, -8.725000381469727), (-8.125, -8.725000381469727), (-7.925000190734863, -8.675000190734863), (-7.925000190734863, -8.024999618530273), (-7.974999904632568, -8.074999809265137), (-8.425000190734863, -8.574999809265137), (-8.425000190734863, -8.675000190734863)]
=============
[(-7.875, -7.525000095367432), (-7.824999809265137, -7.625), (-7.775000095367432, -7.625), (-7.474999904632568, -7.525000095367432), (-7.474999904632568, -7.324999809265137), (-7.525000095367432, -7.324999809265137), (-7.625, -7.324999809265137), (-7.775000095367432, -7.324999809265137), (-7.875, -7.474999904632568), (-7.875, -7.525000095367432)]
=============
[(-7.525000095367432, 3.875000238418579), (-7.425000190734863, 3.0250000953674316), (-7.375, 3.0250000953674316), (-7.324999809265137, 3.4750001430511475), (-7.324999809265137, 4.125), (-7.375, 4.625), (-7.425000190734863, 4.625), (-7.525000095367432, 3.875000238418579)]
=============
[(-7.474999904632568, -3.8249998092651367), (-6.074999809265137, -3.8249998092651367), (-6.074999809265137, -3.7749998569488525), (-7.324999809265137, -2.5249998569488525), (-7.474999904632568, -3.8249998092651367)]
=============
[(-7.425000190734863, -9.324999809265137), (-7.224999904632568, -9.324999809265137), (-7.224999904632568, -9.274999618530273), (-7.425000190734863, -9.274999618530273), (-7.425000190734863, -9.324999809265137)]
=============
[(-7.425000190734863, 2.375000238418579), (-7.375, 1.1750001907348633), (-7.324999809265137, 0.8750001788139343), (-7.224999904632568, 0.8750001788139343), (-7.224999904632568, 1.0250002145767212), (-7.324999809265137, 2.4250001907348633), (-7.375, 2.9750001430511475), (-7.425000190734863, 2.9750001430511475), (-7.425000190734863, 2.375000238418579)]
=============
[(-7.425000190734863, 4.675000190734863), (-6.025000095367432, 4.925000190734863), (-5.875, 5.225000381469727), (-5.875, 5.275000095367432), (-6.925000190734863, 5.275000095367432), (-7.425000190734863, 5.225000381469727), (-7.425000190734863, 4.675000190734863)]
=============
[(-7.375, 0.6250001788139343), (-7.324999809265137, -0.424999862909317), (-6.674999713897705, 0.8750001788139343), (-6.674999713897705, 1.0250002145767212), (-6.824999809265137, 1.2750002145767212), (-6.875, 1.3250001668930054), (-7.175000190734863, 1.0250002145767212), (-7.375, 0.7750001549720764), (-7.375, 0.6250001788139343)]
=============
[(-7.324999809265137, -2.4749999046325684), (-7.275000095367432, -2.5249998569488525), (-7.275000095367432, -0.5249998569488525), (-7.324999809265137, -0.4749998450279236), (-7.324999809265137, -2.4749999046325684)]
=============
[(-7.175000190734863, -8.225000381469727), (-7.074999809265137, -8.175000190734863), (-7.074999809265137, -8.074999809265137), (-7.175000190734863, -8.074999809265137), (-7.175000190734863, -8.225000381469727)]
=============
[(-6.025000095367432, -3.8249998092651367), (-5.174999713897705, -3.8249998092651367), (-5.074999809265137, -3.7749998569488525), (-5.025000095367432, -3.0249998569488525), (-5.074999809265137, -2.674999952316284), (-5.125, -2.625), (-6.025000095367432, -3.7749998569488525), (-6.025000095367432, -3.8249998092651367)]
=============
[(-5.824999809265137, 5.225000381469727), (-5.224999904632568, 4.675000190734863), (-5.174999713897705, 4.675000190734863), (-4.924999713897705, 4.875), (-4.824999809265137, 5.225000381469727), (-4.875, 5.275000095367432), (-5.824999809265137, 5.275000095367432), (-5.824999809265137, 5.225000381469727)]
=============
[(-5.775000095367432, 0.9250001907348633), (-5.125, 0.6750001311302185), (-5.074999809265137, 0.6750001311302185), (-5.025000095367432, 0.6750001311302185), (-5.025000095367432, 1.2250001430511475), (-5.125, 1.2750002145767212), (-5.775000095367432, 1.0750001668930054), (-5.775000095367432, 0.9250001907348633)]
=============
[(-5.574999809265137, -2.2749998569488525), (-5.074999809265137, -2.625), (-5.025000095367432, -2.3249998092651367), (-5.025000095367432, -1.8749998807907104), (-5.074999809265137, -1.5249998569488525), (-5.125, -1.4749999046325684), (-5.525000095367432, -1.7249999046325684), (-5.574999809265137, -1.7749998569488525), (-5.574999809265137, -2.2749998569488525)]
=============
[(-5.574999809265137, -1.2749998569488525), (-5.125, -1.4249998331069946), (-5.074999809265137, -1.4249998331069946), (-4.824999809265137, -0.0749998539686203), (-5.025000095367432, 0.07500015199184418), (-5.074999809265137, 0.07500015199184418), (-5.125, 0.07500015199184418), (-5.574999809265137, -1.2749998569488525)]
=============
[(-5.174999713897705, 2.075000286102295), (-5.125, 1.3250001668930054), (-5.074999809265137, 1.2750002145767212), (-5.025000095367432, 1.2750002145767212), (-4.974999904632568, 2.1750001907348633), (-5.025000095367432, 2.1750001907348633), (-5.074999809265137, 2.1750001907348633), (-5.125, 2.1750001907348633), (-5.174999713897705, 2.125000238418579), (-5.174999713897705, 2.075000286102295)]
=============
[(-5.174999713897705, 4.575000286102295), (-5.074999809265137, 4.575000286102295), (-5.074999809265137, 4.725000381469727), (-5.125, 4.725000381469727), (-5.174999713897705, 4.625), (-5.174999713897705, 4.575000286102295)]
=============
[(-5.125, 0.12500014901161194), (-5.025000095367432, 0.12500014901161194), (-5.025000095367432, 0.6250001788139343), (-5.125, 0.6250001788139343), (-5.125, 0.12500014901161194)]
=============
[(-4.875, 4.775000095367432), (-4.775000095367432, 4.725000381469727), (-4.474999904632568, 4.725000381469727), (-3.8249998092651367, 5.225000381469727), (-3.8249998092651367, 5.275000095367432), (-4.674999713897705, 5.275000095367432), (-4.775000095367432, 5.225000381469727), (-4.875, 4.925000190734863), (-4.875, 4.775000095367432)]
=============
[(-4.775000095367432, -0.0749998539686203), (-2.9749999046325684, -0.12499985098838806), (-1.8249999284744263, -0.12499985098838806), (-1.8249999284744263, -0.0749998539686203), (-4.775000095367432, -0.0749998539686203)]
=============
[(-3.7749998569488525, 5.225000381469727), (-2.0249998569488525, 5.225000381469727), (-2.0249998569488525, 5.275000095367432), (-2.0749998092651367, 5.425000190734863), (-2.125, 5.425000190734863), (-3.7749998569488525, 5.325000286102295), (-3.7749998569488525, 5.225000381469727)]
=============
[(-2.0249998569488525, 5.375), (-1.9749999046325684, 5.225000381469727), (-0.0749998539686203, 5.075000286102295), (-0.02499985136091709, 5.075000286102295), (-0.02499985136091709, 5.325000286102295), (-0.0749998539686203, 5.375), (-1.4749999046325684, 5.425000190734863), (-2.0249998569488525, 5.425000190734863), (-2.0249998569488525, 5.375)]
=============
[(-1.9749999046325684, 2.0250000953674316), (-1.9249998331069946, 2.0250000953674316), (-1.9249998331069946, 2.075000286102295), (-1.9749999046325684, 2.075000286102295), (-1.9749999046325684, 2.0250000953674316)]
=============
[(-1.9749999046325684, 2.825000286102295), (-1.9249998331069946, 2.7750000953674316), (-1.8749998807907104, 2.875000238418579), (-1.9249998331069946, 2.875000238418579), (-1.9749999046325684, 2.825000286102295)]
=============
[(-1.7749998569488525, -0.12499985098838806), (0.5750001668930054, -0.27499985694885254), (0.5750001668930054, -0.22499985992908478), (0.5250001549720764, -0.12499985098838806), (-0.8749998807907104, -0.0749998539686203), (-1.7749998569488525, -0.0749998539686203), (-1.7749998569488525, -0.12499985098838806)]
=============
[(-0.17499984800815582, 0.8750001788139343), (-0.12499985098838806, 0.8250001668930054), (0.47500014305114746, 0.7750001549720764), (0.5250001549720764, 0.7750001549720764), (0.6250001788139343, 0.7750001549720764), (0.6250001788139343, 0.9250001907348633), (-0.02499985136091709, 1.6250001192092896), (-0.12499985098838806, 1.6250001192092896), (-0.17499984800815582, 0.8750001788139343)]
=============
[(-0.12499985098838806, 1.6750001907348633), (-0.02499985136091709, 1.6750001907348633), (0.02500014938414097, 2.125000238418579), (0.02500014938414097, 3.075000286102295), (-0.02499985136091709, 3.125000238418579), (-0.0749998539686203, 3.125000238418579), (-0.12499985098838806, 1.7250001430511475), (-0.12499985098838806, 1.6750001907348633)]
=============
[(-0.0749998539686203, 3.1750001907348633), (0.02500014938414097, 3.125000238418579), (0.07500015199184418, 3.9750001430511475), (0.07500015199184418, 4.325000286102295), (-0.0749998539686203, 4.325000286102295), (-0.0749998539686203, 3.1750001907348633)]
=============
[(-0.0749998539686203, 4.375), (-0.02499985136091709, 4.375), (0.02500014938414097, 4.375), (0.07500015199184418, 4.375), (0.6750001311302185, 5.075000286102295), (0.6750001311302185, 5.125), (0.2750001549720764, 5.175000190734863), (-0.02499985136091709, 5.175000190734863), (-0.0749998539686203, 5.025000095367432), (-0.0749998539686203, 4.375)]
=============
[(0.5750001668930054, -0.17499984800815582), (0.6250001788139343, -0.27499985694885254), (0.6250001788139343, -0.12499985098838806), (0.5750001668930054, -0.12499985098838806), (0.5750001668930054, -0.17499984800815582)]
=============
[(0.6750001311302185, 0.8250001668930054), (0.7250001430511475, 0.7750001549720764), (1.9250001907348633, 0.7250001430511475), (1.9750001430511475, 0.7250001430511475), (2.0250000953674316, 0.7250001430511475), (2.075000286102295, 0.7250001430511475), (2.125000238418579, 0.7250001430511475), (2.1750001907348633, 0.7250001430511475), (2.125000238418579, 0.8750001788139343), (1.0250002145767212, 0.9250001907348633), (0.8250001668930054, 0.9250001907348633), (0.7750001549720764, 0.9250001907348633), (0.7250001430511475, 0.9250001907348633), (0.6750001311302185, 0.9250001907348633), (0.6750001311302185, 0.8250001668930054)]
=============
[(0.7250001430511475, 5.075000286102295), (2.325000286102295, 4.925000190734863), (2.375000238418579, 4.925000190734863), (2.4250001907348633, 4.925000190734863), (2.6750001907348633, 5.025000095367432), (2.625000238418579, 5.075000286102295), (2.2250001430511475, 5.125), (0.7250001430511475, 5.125), (0.7250001430511475, 5.075000286102295)]
=============
[(1.4250001907348633, -0.3249998688697815), (3.9750001430511475, -0.3249998688697815), (3.9250001907348633, -0.22499985992908478), (2.325000286102295, -0.12499985098838806), (2.2750000953674316, -0.12499985098838806), (2.2250001430511475, -0.12499985098838806), (2.1750001907348633, -0.12499985098838806), (1.4750001430511475, -0.17499984800815582), (1.4250001907348633, -0.3249998688697815)]
=============
[(1.6250001192092896, 1.6250001192092896), (1.8250001668930054, 1.5250002145767212), (2.1750001907348633, 1.3750001192092896), (2.2250001430511475, 1.3750001192092896), (2.325000286102295, 1.4250001907348633), (2.375000238418579, 1.4750001430511475), (2.375000238418579, 1.8750001192092896), (2.325000286102295, 1.9250001907348633), (1.9750001430511475, 2.0250000953674316), (1.7750002145767212, 2.0250000953674316), (1.6750001907348633, 1.9750001430511475), (1.6250001192092896, 1.9250001907348633), (1.6250001192092896, 1.6250001192092896)]
=============
[(2.1750001907348633, 0.7750001549720764), (2.375000238418579, 0.7750001549720764), (2.375000238418579, 1.4250001907348633), (2.1750001907348633, 1.3250001668930054), (2.1750001907348633, 0.7750001549720764)]
=============
[(2.1750001907348633, 2.2250001430511475), (2.2250001430511475, 1.9750001430511475), (2.375000238418579, 1.9250001907348633), (2.4250001907348633, 2.6750001907348633), (2.4250001907348633, 3.2250001430511475), (2.2750000953674316, 3.2750000953674316), (2.2250001430511475, 3.2750000953674316), (2.1750001907348633, 2.375000238418579), (2.1750001907348633, 2.2250001430511475)]
=============
[(2.2250001430511475, 3.325000286102295), (2.375000238418579, 3.2750000953674316), (2.4250001907348633, 3.2750000953674316), (2.4250001907348633, 4.025000095367432), (2.375000238418579, 4.075000286102295), (2.325000286102295, 4.075000286102295), (2.2750000953674316, 4.075000286102295), (2.2250001430511475, 4.025000095367432), (2.2250001430511475, 3.325000286102295)]
=============
[(2.6750001907348633, 5.075000286102295), (2.7250001430511475, 5.025000095367432), (4.325000286102295, 4.625), (4.575000286102295, 5.025000095367432), (4.325000286102295, 5.075000286102295), (4.275000095367432, 5.075000286102295), (4.225000381469727, 5.075000286102295), (4.175000190734863, 5.075000286102295), (4.125, 5.075000286102295), (4.075000286102295, 5.075000286102295), (4.025000095367432, 5.075000286102295), (3.9750001430511475, 5.075000286102295), (3.9250001907348633, 5.075000286102295), (3.875000238418579, 5.075000286102295), (3.825000286102295, 5.075000286102295), (3.7750000953674316, 5.075000286102295), (3.7250001430511475, 5.075000286102295), (3.6750001907348633, 5.075000286102295), (3.625000238418579, 5.075000286102295), (3.575000286102295, 5.075000286102295), (3.5250000953674316, 5.075000286102295), (3.4750001430511475, 5.075000286102295), (3.4250001907348633, 5.075000286102295), (3.375000238418579, 5.075000286102295), (3.325000286102295, 5.075000286102295), (3.2750000953674316, 5.075000286102295), (3.2250001430511475, 5.075000286102295), (3.1750001907348633, 5.075000286102295), (3.125000238418579, 5.075000286102295), (3.075000286102295, 5.075000286102295), (3.0250000953674316, 5.075000286102295), (2.9750001430511475, 5.075000286102295), (2.9250001907348633, 5.075000286102295), (2.875000238418579, 5.075000286102295), (2.825000286102295, 5.075000286102295), (2.7750000953674316, 5.075000286102295), (2.7250001430511475, 5.075000286102295), (2.6750001907348633, 5.075000286102295)]
=============
[(3.875000238418579, 1.9750001430511475), (4.075000286102295, 1.9750001430511475), (4.075000286102295, 2.0250000953674316), (3.875000238418579, 2.0250000953674316), (3.875000238418579, 1.9750001430511475)]
=============
[(3.9250001907348633, 3.2250001430511475), (4.075000286102295, 3.2250001430511475), (4.075000286102295, 3.375000238418579), (3.9250001907348633, 3.325000286102295), (3.9250001907348633, 3.2250001430511475)]
=============
[(3.9750001430511475, -0.37499985098838806), (4.875, -0.7249998450279236), (4.925000190734863, -0.7249998450279236), (5.275000095367432, -0.27499985694885254), (5.175000190734863, -0.22499985992908478), (3.9750001430511475, -0.22499985992908478), (3.9750001430511475, -0.37499985098838806)]
=============
[(4.625, 5.025000095367432), (5.225000381469727, 4.625), (5.275000095367432, 4.625), (6.175000190734863, 4.725000381469727), (6.225000381469727, 4.975000381469727), (6.225000381469727, 5.025000095367432), (6.025000095367432, 5.075000286102295), (4.675000190734863, 5.075000286102295), (4.625, 5.025000095367432)]
=============
[(4.675000190734863, -4.724999904632568), (4.725000381469727, -5.174999713897705), (4.775000095367432, -5.224999904632568), (5.025000095367432, -5.275000095367432), (5.125, -5.224999904632568), (5.125, -5.125), (4.875, -4.275000095367432), (4.725000381469727, -4.275000095367432), (4.675000190734863, -4.424999713897705), (4.675000190734863, -4.724999904632568)]
=============
[(4.725000381469727, -4.174999713897705), (4.775000095367432, -4.224999904632568), (4.875, -4.224999904632568), (4.875, -2.0749998092651367), (4.825000286102295, -2.0749998092651367), (4.725000381469727, -4.074999809265137), (4.725000381469727, -4.174999713897705)]
=============
[(4.875, -2.0249998569488525), (4.925000190734863, -0.9749998450279236), (4.925000190734863, -0.7749998569488525), (4.875, -0.7749998569488525), (4.875, -2.0249998569488525)]
=============
[(5.125, -5.074999809265137), (5.175000190734863, -5.224999904632568), (5.325000286102295, -5.275000095367432), (5.475000381469727, -5.275000095367432), (5.575000286102295, -5.275000095367432), (5.725000381469727, -5.275000095367432), (5.775000095367432, -5.275000095367432), (5.925000190734863, -5.275000095367432), (5.975000381469727, -5.275000095367432), (6.025000095367432, -5.275000095367432), (6.075000286102295, -5.275000095367432), (6.175000190734863, -5.275000095367432), (6.275000095367432, -5.275000095367432), (6.275000095367432, -5.174999713897705), (6.175000190734863, -5.125), (5.275000095367432, -5.074999809265137), (5.225000381469727, -5.074999809265137), (5.175000190734863, -5.074999809265137), (5.125, -5.074999809265137)]
=============
[(5.275000095367432, -0.22499985992908478), (5.325000286102295, -0.27499985694885254), (5.725000381469727, -0.37499985098838806), (5.725000381469727, -0.27499985694885254), (5.275000095367432, -0.22499985992908478)]
=============
[(5.725000381469727, 1.9250001907348633), (5.875, 1.9250001907348633), (5.875, 1.9750001430511475), (5.825000286102295, 2.0250000953674316), (5.725000381469727, 2.0250000953674316), (5.725000381469727, 1.9250001907348633)]
=============
[(5.775000095367432, 3.2250001430511475), (5.825000286102295, 3.2250001430511475), (5.875, 3.2250001430511475), (5.925000190734863, 3.2750000953674316), (5.925000190734863, 3.325000286102295), (5.775000095367432, 3.325000286102295), (5.775000095367432, 3.2250001430511475)]
=============
[(6.125000476837158, 4.625), (6.175000190734863, 4.625), (6.175000190734863, 4.675000190734863), (6.125000476837158, 4.675000190734863), (6.125000476837158, 4.625)]
=============
[(6.225000381469727, -2.3249998092651367), (6.275000095367432, -2.3249998092651367), (6.275000095367432, -2.2749998569488525), (6.225000381469727, -2.2749998569488525), (6.225000381469727, -2.3249998092651367)]
=============
[(6.275000095367432, 4.975000381469727), (7.475000381469727, 4.225000381469727), (7.525000095367432, 4.225000381469727), (7.525000095367432, 4.975000381469727), (7.475000381469727, 5.025000095367432), (6.275000095367432, 5.025000095367432), (6.275000095367432, 4.975000381469727)]
=============
[(6.325000286102295, -5.275000095367432), (6.375000476837158, -5.275000095367432), (6.425000190734863, -5.275000095367432), (6.475000381469727, -5.275000095367432), (6.525000095367432, -5.275000095367432), (6.575000286102295, -5.275000095367432), (6.625000476837158, -5.275000095367432), (6.675000190734863, -5.275000095367432), (6.725000381469727, -5.275000095367432), (6.775000095367432, -5.275000095367432), (6.825000286102295, -5.275000095367432), (6.875000476837158, -5.275000095367432), (6.925000190734863, -5.275000095367432), (6.975000381469727, -5.275000095367432), (7.025000095367432, -5.275000095367432), (7.075000286102295, -5.275000095367432), (7.125000476837158, -5.275000095367432), (7.175000190734863, -5.275000095367432), (7.225000381469727, -5.275000095367432), (7.275000095367432, -5.224999904632568), (7.325000286102295, -4.875), (7.325000286102295, -4.474999904632568), (7.275000095367432, -4.474999904632568), (6.325000286102295, -5.174999713897705), (6.325000286102295, -5.275000095367432)]
=============
[(6.625000476837158, -0.424999862909317), (7.325000286102295, -0.9249998927116394), (7.375000476837158, -0.9249998927116394), (7.425000190734863, -0.3249998688697815), (7.425000190734863, 0.32500016689300537), (7.375000476837158, 0.32500016689300537), (6.625000476837158, -0.27499985694885254), (6.625000476837158, -0.424999862909317)]
=============
[(7.225000381469727, -3.924999952316284), (7.275000095367432, -4.424999713897705), (7.325000286102295, -4.424999713897705), (7.425000190734863, -3.9749999046325684), (7.425000190734863, -3.0249998569488525), (7.275000095367432, -2.9749999046325684), (7.225000381469727, -3.875), (7.225000381469727, -3.924999952316284)]
=============
[(7.275000095367432, -2.924999952316284), (7.375000476837158, -2.9749999046325684), (7.425000190734863, -2.9749999046325684), (7.475000381469727, -2.924999952316284), (7.425000190734863, -1.6249998807907104), (7.325000286102295, -1.6249998807907104), (7.275000095367432, -2.5749998092651367), (7.275000095367432, -2.924999952316284)]
=============
[(7.325000286102295, -1.5749999284744263), (7.375000476837158, -1.5749999284744263), (7.425000190734863, -1.5249998569488525), (7.475000381469727, -0.9749998450279236), (7.325000286102295, -0.9749998450279236), (7.325000286102295, -1.5749999284744263)]
=============
[(7.375000476837158, 0.37500014901161194), (7.425000190734863, 0.37500014901161194), (7.475000381469727, 1.0750001668930054), (7.475000381469727, 2.4250001907348633), (7.425000190734863, 2.4750001430511475), (7.375000476837158, 0.8250001668930054), (7.375000476837158, 0.37500014901161194)]
=============
[(7.425000190734863, 2.5250000953674316), (7.475000381469727, 2.4750001430511475), (7.525000095367432, 3.1750001907348633), (7.525000095367432, 4.175000190734863), (7.475000381469727, 4.175000190734863), (7.425000190734863, 2.875000238418579), (7.425000190734863, 2.5250000953674316)]
